0 166.9480648217301
1 162.10494206037723
2 166.9296065738418
3 155.46475077269108
4 166.96692762869847
5 91.97268092954883
6 196.61210879573238
7 92.02102724221459
8 232.5577880062697
9 155.5681787287618
10 232.3570534780813
11 232.3587868658523
12 104.3510755250438
13 145.11806958889963
14 153.38658224692065
15 107.61886907452521
16 104.23847217596276
17 111.53183374700801
18 102.6814634913799
19 114.00776817254017
20 113.73784761403112
21 116.50883735427114
22 128.9606735238525
23 95.96292044516728
24 275.03069136855845
25 126.9554970403094
26 77.57876391784838
27 49.15849018425128
28 74.23872060257474
29 160.1830338397486
30 123.3746672062388
31 301.8727931689728
32 110.59244111057146
33 102.14503289890732
34 355.1833483884339
35 158.07139484634678
36 91.22415598948602
37 87.68579438461185
38 87.25007013942526
39 104.64181392143067
40 106.60747583149032
41 105.43658940484804
42 103.6390284256231
43 99.10459860063331
44 99.05096756142447
45 94.49331739454124
46 272.5675215294936
47 96.85543880250377
48 124.46883092156787
49 91.53505234774228
50 97.89536146386291
51 81.26794671565787
52 98.89980386826221
53 133.79285810055413
54 167.10528283835242
55 105.07116543698159
56 109.00362332000631
57 63.06245359295695
58 110.05046997842298
59 85.93999155441257
60 94.38588803661708
61 70.90526866097464
62 86.73648576794992
63 86.73550686177298
64 71.08738279254845
65 59.29453276102489
66 86.03532965068527
67 69.82792966863609
68 131.38884982469284
69 89.28413167451838
70 75.65164911319307
71 187.40540793247484
72 101.2743240412564
73 90.5681508392849
74 88.17329380113004
75 119.10251662730647
76 95.4478055534187
77 161.93792586100372
78 168.68349349733307
79 257.6379713073279
80 186.71171425070656
81 186.76222778896513
82 60.94322410847555
83 189.2168014737813
84 171.0598656150001
85 178.8798225042333
86 99.4969222809669
87 112.22298891548769
88 92.112259363386
89 53.08468504303925
90 83.30477153530452
91 166.41770062937607
92 87.49859813310663
93 208.28866343008664
94 115.93105314374893
95 281.03973171935206
96 292.143834138224
97 70.25113381608055
98 88.54867660390005
99 87.95379739595269
100 123.4210129936718
101 122.89652038529033
102 29.697658864020102
103 73.59896398054327
104 91.66910901230756
105 91.92881071792657
106 50.32389704164047
107 101.88542531237718
108 110.92514785520584
109 124.58672915962238
110 124.59874338756039
111 119.27454880357301
112 144.06254707868843
113 155.3494351828774
114 197.14987304189907
115 76.03553353039365
116 105.97367723051896
117 277.88685304809536
118 69.27764129931475
119 58.239992193558386
120 176.1263630283825
121 137.67375145311644
122 75.1398278520072
123 112.58147260632127
124 143.81991799335228
125 124.5465951744355
126 114.81428364556861
127 110.51633148047303
128 271.70010694014206
129 82.51139302533224
130 58.74437630512057
131 68.75405224760338
132 58.31435008415434
133 145.08251915264032
134 177.50028447732123
135 82.72202289846705
136 96.01831142181612
137 167.78680431182892
138 63.2308485325001
139 117.15231686744642
140 86.45942101490154
141 114.08939435718875
142 70.36595483139281
143 50.40915858345168
144 42.18322320988008
145 170.01484481941688
146 118.10290518449924
147 118.81317856953116
148 190.5924611566359
149 82.8741123672633
150 46.052276432747156
151 49.36171301957132
152 48.280471376336536
153 51.08397540587831
154 64.3106679814783
155 81.33215448093857
156 83.80934956054723
157 77.5041719715268
158 69.05564346261775
159 108.89664198149197
160 99.53125992453697
161 74.54100306134782
162 64.83860282724243
163 94.59088409248787
164 98.76116651014058
165 81.79204608760921
166 49.23661902826666
167 171.9044715349984
168 126.35211201011043
169 163.69415239683048
170 77.90004203489603
171 69.11337724227191
172 77.88645592397002
173 115.44848217445686
174 124.67723135005812
175 116.75888187568388
176 125.81451316098158
177 101.67399353535764
178 58.18874280155451
179 83.66160673449069
180 70.46142740749407
181 364.68152272031665
182 100.95078758000105
183 392.1231658430395
184 86.9954265824703
185 146.82673604747265
186 31.815864436339478
187 90.68508283581215
188 298.2687131780021
189 101.62776021161032
190 27.794522889169286
191 111.51968499729286
192 64.99705946494124
193 77.83568417691761
194 105.04902601598718
195 122.8182486785327
196 191.84057747443794
197 125.82731334361534
198 77.53320546382736
199 122.19645268210479
200 98.84764802566485
201 104.9325190372692
202 75.95030133554266
203 55.22606466989361
204 190.07799914154373
205 151.71475062448351
206 168.39107907239838
207 151.93124589170637
208 67.04680340585409
209 65.1730465453099
210 162.81630019076744
211 273.62798612497414
212 102.43289894757251
213 291.89541592674465
214 127.49160721928773
215 276.12001249057374
216 77.46118797362821
217 274.7725683776931
218 69.73595090105034
219 91.13793883880635
220 72.50404803387033
221 274.5820979872571
222 64.68961431220768
223 53.29956809358687
224 258.11507944221796
225 98.21067400539022
226 89.32880406053205
227 43.32810864804734
228 69.7000834110602
229 161.45853518409515
230 70.07096816041822
231 52.393999372059824
232 56.34282220152229
233 92.44496698810738
234 130.21113849948554
235 326.1899123749838
236 83.24092767103676
237 110.60269783829432
238 93.88869407700506
239 55.088555174600195
240 55.07579117610664
241 74.41517091115156
242 58.848428310201854
243 108.57958065936265
244 109.42221013500662
245 81.3938273751239
246 80.63254335676079
247 78.1073702616861
248 81.81561716444408
249 109.99709741056525
250 61.698790680702274
251 68.84433898517453
252 91.09487074659972
253 72.26066380076968
254 78.59331356873513
255 105.24948116851867
256 291.0385810265559
257 50.93999747404889
258 93.50417020749926
259 95.41066639486867
260 84.28838000508749
261 79.25254501185223
262 93.8275830561585
263 95.67438080816763
264 55.59699905249187
265 75.69345315977448
266 83.02808378978476
267 75.20513853541001
268 66.12985436944352
269 93.52528187898655
270 97.5061852925472
271 70.00845526349283
272 281.7981139251748
273 56.53310327574507
274 49.412356260164714
275 54.50996730138727
276 183.45491338058025
277 49.75245800751578
278 46.56866952822389
279 22.75876445499276
280 107.5948320164258
281 77.71999599184659
282 251.1614711806677
283 72.14123611813467
284 104.00778188786919
285 64.66475619931035
286 111.95007702161642
287 114.56516751707584
288 111.7390897545012
289 57.14560802506846
290 48.83841898409899
291 65.61554286668877
292 155.85569625848794
293 164.43002521061666
294 88.51407759680029
295 82.13874943205734
296 81.03922122824426
297 52.97682770527767
298 89.2799915500569
299 96.12140809296582
300 130.02515568039908
301 90.51477053880564
302 89.0387550393417
303 62.30805423830119
304 155.70349558882472
305 42.49843219601884
306 84.15512904307963
307 117.3402711432065
308 105.4546134915957
309 112.3685286867573
310 57.279491870418425
311 89.36178262695701
312 78.01002190309958
313 66.30233902181756
314 81.14612301496335
315 150.59914755106533
316 182.79719505341572
317 63.27285238334836
318 99.3920340391905
319 97.33513737737994
320 88.5693969016816
321 45.242267744270414
322 100.19007833409911
323 98.35196079488146
324 73.9886436706839
325 75.312792379333
326 75.82854146160746
327 131.8927759127452
328 142.38435282000108
329 38.18438879048076
330 49.77546443789519
331 46.543807912091914
332 66.71584941754257
333 68.18958491246508
334 93.31386767021257
335 66.07997671091198
336 66.05642909990259
337 106.41172743376444
338 74.6364567696426
339 66.08016788115344
340 98.79218844200663
341 142.92746738505545
342 101.00797103568604
343 68.42102526381544
344 109.73807459973747
345 75.70564449915516
346 110.45348234384844
347 110.1740969628252
348 102.04049426765032
349 103.32295741407245
350 101.09405874256095
351 116.65922440258824
352 103.24990046707346
353 78.78415210339729
354 106.9847291509702
355 105.7557424829204
356 90.76535955319099
357 91.5808249434896
358 107.88713326198213
359 67.10503251976681
360 76.55826925865522
361 82.12611924087443
362 133.11579787822438
363 148.88198064586476
364 143.83136471745277
365 192.61475676834056
366 142.32881454185824
367 216.13135827930918
368 72.20001812813496
369 103.40458939507484
370 89.6231918032403
371 97.17489711277187
372 326.3632626028506
373 124.57266663527047
374 54.69445706041185
375 52.76767375672615
376 55.97385461949453
377 75.44419210296903
378 131.51119166941004
379 132.93110440923533
380 87.79419321697196
381 220.81155240826376
382 155.71093563695345
383 160.5209751267295
384 32.756248718279046
385 47.01789220023087
386 183.51073328479637
387 62.7551626992546
388 62.79613672526607
389 62.72049641317177
390 72.30465576194254
391 244.40566181973384
392 81.53800571982853
393 100.03473935946454
394 46.31331905372289
395 62.71964071247718
396 45.532212627438476
397 52.55134091964297
398 132.03231620653094
399 315.6733380363517
400 60.02731452332018
401 144.2449488715972
402 31.57006928321104
403 38.4400535792933
404 73.32509333002695
405 42.44915565700475
406 48.05683705035891
407 26.308274904272658
408 69.92648954537331
409 58.67049868426136
410 48.13621065231713
411 35.92238824819601
412 27.238012921283033
413 67.33149572645226
414 24.634167727501676
415 56.844312586101175
416 56.85452566485536
417 133.41136764771474
418 52.27449549575344
419 57.282575861105855
420 85.98064683719375
421 44.32605615257956
422 32.421334734313625
423 58.62202597882648
424 62.96408668450676
425 88.59888679635486
426 113.26235879384495
427 171.08860087366975
428 105.29429479561963
429 162.2197609515522
430 197.31166435437217
431 165.9531400723666
432 163.15387632465703
433 64.32046826673506
434 101.18880301548812
435 59.900097175532885
436 49.98270088273988
437 145.35434239486642
438 85.32314667941915
439 56.65211019270758
440 26.68634969890228
441 113.37968407613346
442 103.97819727357899
443 110.88842797609578
444 123.46902291454008
445 132.6961288087241
446 97.2386590370941
447 95.67362354858109
448 93.43789212543244
449 103.97868274736906
450 69.26946530421408
451 84.06055222935379
452 75.47589964066766
453 107.84906309357605
454 45.560328173544406
455 72.25218429872815
456 47.63466385124127
457 47.25600499602982
458 97.33645444525374
459 140.8621845043736
460 76.64297104199807
461 77.8475012364103
462 94.1352247646653
463 139.50893356267042
464 227.23024382747576
465 75.78761099870054
466 174.30219248965508
467 177.61688077911663
468 102.08493950210806
469 168.4540437803145
470 48.96276969615973
471 51.13919278555881
472 75.07624137186485
473 91.21058001467989
474 108.42757639886796
475 140.4824722428877
476 87.51947315606003
477 138.48545852427432
478 108.70845776013603
479 57.965797211334916
480 50.06275046858233
481 33.68721447862613
482 99.51661812769694
483 33.4957480343656
484 122.96187444723644
485 127.55212788824362
486 93.66447890106107
487 63.99007841182696
488 47.081620410295606
489 103.54178027605114
490 32.91326702786897
491 110.21530445229835
492 110.51065487221405
493 42.10980610851361
494 120.2285462435608
495 120.08725992247896
496 122.82108193798673
497 116.85273625938913
498 67.24905020980022
499 35.85943943823555
500 118.17154655143825
501 118.17801188157256
502 107.7065703923149
503 73.73335673126623
504 114.54274709934582
505 119.98539453114286
506 86.93990307450396
507 74.93768797122877
508 130.1151342155533
509 145.14218754668548
510 130.0417590501499
511 53.854757937021155
512 70.11385157338017
513 114.91901798346768
514 115.79217923868579
515 59.80623115249777
516 126.86861738826792
517 140.2066581025087
518 40.029069132738705
519 161.56178331158873
520 90.2733279613765
521 97.6075398248108
522 104.31941308460688
523 111.94054413533637
524 62.56698928221827
525 72.89229935334143
526 111.30865170336575
527 204.02929554909667
528 96.56062313446843
529 83.80868310279456
530 87.68802214952296
531 75.40030367255767
532 122.38632492094904
533 140.05993315249893
534 88.13840483172183
535 87.64182392416888
536 86.72778443816445
537 86.65867686987211
538 86.91273918067519
539 88.12933029595465
540 85.99082929288979
541 87.68611142842944
542 134.34493108443544
543 139.93347423422279
544 152.62313707199263
545 113.0850937595224
546 82.63811769522246
547 50.42182223773761
548 53.43505333249705
549 145.28326239850816
550 153.8547315728061
551 131.819591308702
552 171.86852763108456
553 148.370436212572
554 68.56947157672543
555 123.08780032638964
556 114.52951551608001
557 70.25797792516146
558 71.16279924287414
559 48.018442175090634
560 41.135338781506846
561 157.42188140090963
562 157.22116428012137
563 85.4853678504495
564 99.54054821283194
565 67.60150917718083
566 29.622545945317704
567 40.32334904713251
568 154.73185527628462
569 86.74669419518898
570 91.17318259121404
571 195.76599410232768
572 115.51567763759107
573 75.39022656666792
574 118.19269888971148
575 129.05194743719807
576 97.80326924941551
577 78.3676852868134
578 67.72956009996375
579 137.27030698712613
580 144.18109842688864
581 154.4238300160942
582 55.623560777664856
583 111.69507659232167
584 102.32212585786404
585 64.08655873355056
586 133.63269492648027
587 120.82210302236922
588 86.39695427227117
589 90.63567901879993
590 153.92713557437983
591 78.60223528923731
592 138.57798199680843
593 115.64643762452665
594 107.27859690033144
595 55.819468239100864
596 101.8842696696763
597 120.10513513649491
598 103.4868266687554
599 107.4006564274878
600 94.21902279223073
601 14.54938523293043
602 105.05286919511316
603 104.69446066596039
604 109.6433352764441
605 150.213914337025
606 98.09963571843363
607 116.23892697403136
608 122.02798980146252
609 140.7825730379443
610 139.4773261777693
611 139.5043225489836
612 138.96112457992956
613 86.3611151204052
614 139.1736721118666
615 88.19912429805113
616 133.61878576862765
617 138.47255520794994
618 132.11777323840073
619 115.1078192580455
620 138.42215334090102
621 137.94694422663022
622 138.45454287180323
623 138.6339597270645
624 137.75193764557383
625 139.427373337487
626 87.12310668850161
627 111.30149584267201
628 104.59324851327821
629 139.3770395411136
630 138.5375745936501
631 137.70128568594794
632 138.61787426272807
633 134.4710241271887
634 95.03133281042459
635 113.01715543797947
636 138.72567521354932
637 139.39631814257288
638 138.73049791180696
639 138.82311254421973
640 87.46245076271767
641 138.60664335089592
642 155.63671029035515
643 117.72883864862449
644 108.65300561007018
645 123.16445556272149
646 138.6796443007228
647 91.56493606773957
648 139.49141800630247
649 109.4253291943501
650 139.35695629195766
651 139.1833015755912
652 140.01793876824274
653 137.93504970198452
654 136.6866189195437
655 135.91880490800983
656 138.92847425141278
657 138.84397663757858
658 137.99004014547862
659 138.1969478974155
660 144.79504138449826
661 119.27179678375091
662 92.56895700522308
663 145.10400895718024
664 139.30550706138237
665 87.02586302406921
666 133.73859391117205
667 138.5943400554059
668 138.96820992426763
669 138.80485837472858
670 139.2899673331221
671 100.42785046256918
672 139.60524118342212
673 138.61421371394925
674 139.37753347677926
675 139.1878797660898
676 138.9709112014655
677 139.91523320909022
678 138.97404372642646
679 139.65930594543
680 139.28313559583887
681 139.26563802350057
682 140.1693273721691
683 96.85725942596221
684 131.4817217113413
685 124.41155736962747
686 86.34034363272966
687 98.4431074650396
688 105.2961652403334
689 139.1405043849677
690 113.92655606793764
691 151.67407720702624
692 101.40068851312556
693 87.36841312952491
694 138.92874496761542
695 119.98474067976036
696 138.44007816888663
697 138.19804500199868
698 101.92548697760326
699 86.42187671879745
700 138.80518083002684
701 139.4050233827998
702 131.8019801724642
703 92.54644201588478
704 87.94209465544048
705 135.5758273812132
706 114.56030275595471
707 138.2402634798638
708 135.97578523594856
709 151.75218975920856
710 139.4705247266863
711 103.09057034822254
712 138.8498361661689
713 135.65727055436122
714 104.08162453232977
715 139.17205519357748
716 139.07949211181264
717 136.30739933703526
718 138.80663235491195
719 140.17495285369296
720 141.77624430404452
721 116.2146604860767
722 124.32335945895021
723 104.30677148007706
724 86.98302064578435
725 117.69640235281102
726 90.07482582184788
727 126.74166929282555
728 105.05727111401077
729 117.52839259790852
730 102.32686316310891
731 113.33506312898777
732 200.06469053454256
733 118.98013213038008
734 80.77336611590624
735 133.84242063051224
736 62.34412639969037
737 35.70148603776872
738 35.63048032800369
739 56.00426746905796
740 78.94103490188904
741 67.88501664521922
742 121.62212994559741
743 104.45624707310607
744 148.6726321212567
745 148.43629950055308
746 82.41624548244371
747 105.9567069339579
748 90.9911921813638
749 99.16781102059456
750 50.51127916220047
751 253.32924308195823
752 132.3520819902546
753 41.036851685291786
754 96.81897417210646
755 125.83361797078567
756 77.73875150722135
757 71.83267213658118
758 95.22890478487784
759 111.16362154632183
760 110.04773686945525
761 73.0044044531001
762 106.85012457488227
763 71.5555480826476
764 38.73779971078435
765 125.51061652443214
766 119.9581631009874
767 123.68651551091604
768 99.1970218673966
769 114.30525597035742
770 86.83263066823854
771 72.97848597922214
772 86.09056247890234
773 113.95628556553461
774 113.70072907926978
775 71.98298301707187
776 46.98684540994277
777 57.17380009325852
778 50.97432836032016
779 71.74704011376237
780 77.42902763739617
781 112.55746139765142
782 158.90255760435815
783 76.62249043678506
784 82.25997267080113
785 86.40983503649134
786 81.6244166306613
787 119.31065832560144
788 53.120200689974375
789 157.4837160737791
790 59.707580436503825
791 143.6652673822832
792 95.86115851885378
793 160.41149099342792
794 43.536430012006
795 70.78755133433526
796 97.70391861542191
797 145.23975625469222
798 191.2352496321194
799 55.84813357256301
800 181.6443945870133
801 58.087549892660995
802 56.60200377530669
803 91.09975359713395
804 89.42865149366635
805 147.74823795900016
806 75.71205578767436
807 79.85260078274507
808 138.00154093885297
809 134.36539642266516
810 130.15248255956257
811 135.52860452328417
812 46.5452165031646
813 112.30751804684616
814 94.5048146673063
815 108.53653683707677
816 108.20540846388546
817 95.73166050159357
818 105.83151129459945
819 63.225117036874806
820 61.6713335081673
821 110.13419357370442
822 102.34200147617501
823 137.89775032711574
824 191.842363674228
825 182.99054035229798
826 56.60811310588676
827 62.51831425469086
828 109.31566487010159
829 118.37081347110544
830 68.57657842594364
831 74.4675366348417
832 58.66155061389117
833 77.87857328421909
834 98.76742402695406
835 100.38728773605035
836 95.64943665044564
837 85.52210173818382
838 81.97757820495984
839 97.77282930146444
840 78.82525700754664
841 84.54032728838614
842 106.14145640822947
843 137.12563848222527
844 71.85760823181639
845 80.3558658241559
846 130.52789868695152
847 84.87239129885221
848 62.79645453013833
849 74.851919393179
850 135.65097080459037
851 134.59592469254875
852 93.84152277046779
853 99.89427937577963
854 88.65004119209551
855 191.69218900978356
856 63.83750164342941
857 66.95053237194395
858 90.72481068951038
859 157.73163800835843
860 203.3199114414341
861 62.28895315379439
862 76.82453000170243
863 53.71742371189865
864 87.16526639383994
865 144.83632910263918
866 93.6827765668952
867 111.43391368529026
868 163.3904507248918
869 93.33056208295008
870 131.21464520596842
871 71.45063792406503
872 68.23027225820292
873 70.36451741580302
874 111.46794781484587
875 109.40556352027887
876 67.74992130396897
877 127.12163363173455
878 77.14740015555417
879 82.92358707829416
880 84.6088371302473
881 194.68666289829292
882 98.51114661878374
883 98.82642259712193
884 75.88764303120216
885 77.86933770949778
886 141.7478243518865
887 143.9408761989547
888 139.71013585933363
889 58.38099741683784
890 151.15252464283324
891 142.62844496899632
892 136.45304048549642
893 199.52357486883858
894 187.19868609341188
895 193.3119017646348
896 142.44719554418
897 126.434929478094
898 71.58215350064872
899 69.91038688898671
900 77.84585499658188
901 172.1149529287598
902 56.70449616442322
903 166.0487970476729
904 166.17834992117778
905 166.057426795681
906 166.22333267077036
907 166.0269413912017
908 148.79858434681827
909 166.23585089257162
910 59.4451136349645
911 166.1446945363826
912 195.82959967614605
913 166.04667693018177
914 195.6743216689686
915 83.9038436184774
916 86.50026090534043
917 166.1013394580093
918 166.55150860924024
919 103.82364389297962
920 165.95601115431916
921 166.32661729490655
922 103.86013946184681
923 90.40678335617139
924 103.71961464662502
925 95.99998502850524
926 166.38399851516593
927 103.79933536217295
928 38.69624600835822
929 106.33507902987232
930 166.21222514851308
931 91.7555020942448
932 166.22333267077036
933 166.43326673674102
934 166.23193739808147
935 162.1539503475692
936 196.50662006445273
937 161.20247378686233
938 166.29765533814668
939 162.33841141910645
940 161.29198825640736
941 166.43421656348752
942 196.54065207933658
943 166.127409838507
944 195.57931746060274
945 166.29287225840315
946 195.69623060231913
947 166.3917259747279
948 166.2664736421969
949 232.92595649075702
950 196.53132662607518
951 81.47867055880091
952 165.97881129403052
953 166.10688721712467
954 166.08129997361635
955 72.1308243414113
956 81.15291906913328
957 166.06919579381784
958 149.01161350961087
959 108.15745137095978
960 166.1151930743154
961 166.11893019118634
962 167.89401266951432
963 166.17456911976413
964 108.84183450076402
965 166.31585441529677
966 166.32661729490655
967 166.36590569645125
968 126.34017222154834
969 153.62744600449523
970 166.08485611132414
971 165.93373700565044
972 109.13968589241274
973 166.24126262426725
974 96.89593107417775
975 166.1263039441863
976 165.99202452541397
977 195.5817695467026
978 166.37982819834187
979 104.9309321843104
980 166.16706709829063
981 166.0269413912017
982 195.6580793586211
983 166.34016640463628
984 47.08445269580316
985 84.62311245333183
986 84.9359530076012
987 45.33881783629861
988 165.9474020387276
989 231.89347992112923
990 166.29287225840315
991 195.69623060231913
992 149.01161350961087
993 108.15745137095978
994 195.54382196069483
995 167.11409408259686
996 166.98980418639638
997 166.92854014559535
998 162.2248892106532
999 16.41559518349561
